0 rootHair 25 30 35 40 25 30
1 rootHair 25 30 35 40 30 35
2 rootHair 25 30 35 40 35 40
3 rootHair 25 30 35 40 40 45
4 rootHair 25 30 35 40 45 50
5 rootHair 25 30 35 40 50 55
6 rootHair 25 30 35 40 55 60
7 rootHair 25 30 35 40 60 65
8 rootHair 25 30 35 40 65 70
9 rootHair 25 30 35 40 70 75
10 rootHair 25 30 35 40 75 80
11 rootHair 25 30 35 40 80 85
12 rootHair 25 30 40 45 25 30
13 rootHair 25 30 40 45 30 35
14 rootHair 25 30 40 45 35 40
15 rootHair 25 30 40 45 40 45
16 rootHair 25 30 40 45 45 50
17 rootHair 25 30 40 45 50 55
18 rootHair 25 30 40 45 55 60
19 rootHair 25 30 40 45 60 65
20 rootHair 25 30 40 45 65 70
21 rootHair 25 30 40 45 70 75
22 rootHair 25 30 40 45 75 80
23 rootHair 25 30 40 45 80 85
24 rootHair 25 30 45 50 25 30
25 rootHair 25 30 45 50 30 35
26 rootHair 25 30 45 50 35 40
27 rootHair 25 30 45 50 40 45
28 rootHair 25 30 45 50 45 50
29 rootHair 25 30 45 50 50 55
30 rootHair 25 30 45 50 55 60
31 rootHair 25 30 45 50 60 65
32 rootHair 25 30 45 50 65 70
33 rootHair 25 30 45 50 70 75
34 rootHair 25 30 45 50 75 80
35 rootHair 25 30 45 50 80 85
36 rootHair 25 30 50 55 25 30
37 rootHair 25 30 50 55 30 35
38 rootHair 25 30 50 55 35 40
39 rootHair 25 30 50 55 40 45
40 rootHair 25 30 50 55 45 50
41 rootHair 25 30 50 55 50 55
42 rootHair 25 30 50 55 55 60
43 rootHair 25 30 50 55 60 65
44 rootHair 25 30 50 55 65 70
45 rootHair 25 30 50 55 70 75
46 rootHair 25 30 50 55 75 80
47 rootHair 25 30 50 55 80 85
48 rootHair 25 30 55 60 25 30
49 rootHair 25 30 55 60 30 35
50 rootHair 25 30 55 60 35 40
51 rootHair 25 30 55 60 40 45
52 rootHair 25 30 55 60 45 50
53 rootHair 25 30 55 60 50 55
54 rootHair 25 30 55 60 55 60
55 rootHair 25 30 55 60 60 65
56 rootHair 25 30 55 60 65 70
57 rootHair 25 30 55 60 70 75
58 rootHair 25 30 55 60 75 80
59 rootHair 25 30 55 60 80 85
60 rootHair 25 30 60 65 25 30
61 rootHair 25 30 60 65 30 35
62 rootHair 25 30 60 65 35 40
63 rootHair 25 30 60 65 40 45
64 rootHair 25 30 60 65 45 50
65 rootHair 25 30 60 65 50 55
66 rootHair 25 30 60 65 55 60
67 rootHair 25 30 60 65 60 65
68 rootHair 25 30 60 65 65 70
69 rootHair 25 30 60 65 70 75
70 rootHair 25 30 60 65 75 80
71 rootHair 25 30 60 65 80 85
72 rootHair 25 30 65 70 25 30
73 rootHair 25 30 65 70 30 35
74 rootHair 25 30 65 70 35 40
75 rootHair 25 30 65 70 40 45
76 rootHair 25 30 65 70 45 50
77 rootHair 25 30 65 70 50 55
78 rootHair 25 30 65 70 55 60
79 rootHair 25 30 65 70 60 65
80 rootHair 25 30 65 70 65 70
81 rootHair 25 30 65 70 70 75
82 rootHair 25 30 65 70 75 80
83 rootHair 25 30 65 70 80 85
84 rootHair 30 35 30 35 25 30
85 rootHair 30 35 30 35 30 35
86 rootHair 30 35 30 35 35 40
87 rootHair 30 35 30 35 40 45
88 rootHair 30 35 30 35 45 50
89 rootHair 30 35 30 35 50 55
90 rootHair 30 35 30 35 55 60
91 rootHair 30 35 30 35 60 65
92 rootHair 30 35 30 35 65 70
93 rootHair 30 35 30 35 70 75
94 rootHair 30 35 30 35 75 80
95 rootHair 30 35 30 35 80 85
96 rootHair 30 35 35 40 25 30
97 rootHair 30 35 35 40 30 35
98 rootHair 30 35 35 40 35 40
99 rootHair 30 35 35 40 40 45
100 rootHair 30 35 35 40 45 50
101 rootHair 30 35 35 40 50 55
102 rootHair 30 35 35 40 55 60
103 rootHair 30 35 35 40 60 65
104 rootHair 30 35 35 40 65 70
105 rootHair 30 35 35 40 70 75
106 rootHair 30 35 35 40 75 80
107 rootHair 30 35 35 40 80 85
108 cortex 30 35 40 45 25 30
109 cortex 30 35 40 45 30 35
110 cortex 30 35 40 45 35 40
111 cortex 30 35 40 45 40 45
112 cortex 30 35 40 45 45 50
113 cortex 30 35 40 45 50 55
114 cortex 30 35 40 45 55 60
115 cortex 30 35 40 45 60 65
116 cortex 30 35 40 45 65 70
117 cortex 30 35 40 45 70 75
118 cortex 30 35 40 45 75 80
119 cortex 30 35 40 45 80 85
120 cortex 30 35 45 50 25 30
121 cortex 30 35 45 50 30 35
122 cortex 30 35 45 50 35 40
123 cortex 30 35 45 50 40 45
124 cortex 30 35 45 50 45 50
125 cortex 30 35 45 50 50 55
126 cortex 30 35 45 50 55 60
127 cortex 30 35 45 50 60 65
128 cortex 30 35 45 50 65 70
129 cortex 30 35 45 50 70 75
130 cortex 30 35 45 50 75 80
131 cortex 30 35 45 50 80 85
132 cortex 30 35 50 55 25 30
133 cortex 30 35 50 55 30 35
134 cortex 30 35 50 55 35 40
135 cortex 30 35 50 55 40 45
136 cortex 30 35 50 55 45 50
137 cortex 30 35 50 55 50 55
138 cortex 30 35 50 55 55 60
139 cortex 30 35 50 55 60 65
140 cortex 30 35 50 55 65 70
141 cortex 30 35 50 55 70 75
142 cortex 30 35 50 55 75 80
143 cortex 30 35 50 55 80 85
144 cortex 30 35 55 60 25 30
145 cortex 30 35 55 60 30 35
146 cortex 30 35 55 60 35 40
147 cortex 30 35 55 60 40 45
148 cortex 30 35 55 60 45 50
149 cortex 30 35 55 60 50 55
150 cortex 30 35 55 60 55 60
151 cortex 30 35 55 60 60 65
152 cortex 30 35 55 60 65 70
153 cortex 30 35 55 60 70 75
154 cortex 30 35 55 60 75 80
155 cortex 30 35 55 60 80 85
156 cortex 30 35 60 65 25 30
157 cortex 30 35 60 65 30 35
158 cortex 30 35 60 65 35 40
159 cortex 30 35 60 65 40 45
160 cortex 30 35 60 65 45 50
161 cortex 30 35 60 65 50 55
162 cortex 30 35 60 65 55 60
163 cortex 30 35 60 65 60 65
164 cortex 30 35 60 65 65 70
165 cortex 30 35 60 65 70 75
166 cortex 30 35 60 65 75 80
167 cortex 30 35 60 65 80 85
168 rootHair 30 35 65 70 25 30
169 rootHair 30 35 65 70 30 35
170 rootHair 30 35 65 70 35 40
171 rootHair 30 35 65 70 40 45
172 rootHair 30 35 65 70 45 50
173 rootHair 30 35 65 70 50 55
174 rootHair 30 35 65 70 55 60
175 rootHair 30 35 65 70 60 65
176 rootHair 30 35 65 70 65 70
177 rootHair 30 35 65 70 70 75
178 rootHair 30 35 65 70 75 80
179 rootHair 30 35 65 70 80 85
180 rootHair 30 35 70 75 25 30
181 rootHair 30 35 70 75 30 35
182 rootHair 30 35 70 75 35 40
183 rootHair 30 35 70 75 40 45
184 rootHair 30 35 70 75 45 50
185 rootHair 30 35 70 75 50 55
186 rootHair 30 35 70 75 55 60
187 rootHair 30 35 70 75 60 65
188 rootHair 30 35 70 75 65 70
189 rootHair 30 35 70 75 70 75
190 rootHair 30 35 70 75 75 80
191 rootHair 30 35 70 75 80 85
192 rootHair 35 40 25 30 25 30
193 rootHair 35 40 25 30 30 35
194 rootHair 35 40 25 30 35 40
195 rootHair 35 40 25 30 40 45
196 rootHair 35 40 25 30 45 50
197 rootHair 35 40 25 30 50 55
198 rootHair 35 40 25 30 55 60
199 rootHair 35 40 25 30 60 65
200 rootHair 35 40 25 30 65 70
201 rootHair 35 40 25 30 70 75
202 rootHair 35 40 25 30 75 80
203 rootHair 35 40 25 30 80 85
204 rootHair 35 40 30 35 25 30
205 rootHair 35 40 30 35 30 35
206 rootHair 35 40 30 35 35 40
207 rootHair 35 40 30 35 40 45
208 rootHair 35 40 30 35 45 50
209 rootHair 35 40 30 35 50 55
210 rootHair 35 40 30 35 55 60
211 rootHair 35 40 30 35 60 65
212 rootHair 35 40 30 35 65 70
213 rootHair 35 40 30 35 70 75
214 rootHair 35 40 30 35 75 80
215 rootHair 35 40 30 35 80 85
216 thread 35 40 35 40 25 30
217 rootHair 35 40 35 40 30 35
218 rootHair 35 40 35 40 35 40
219 rootHair 35 40 35 40 40 45
220 rootHair 35 40 35 40 45 50
221 rootHair 35 40 35 40 50 55
222 rootHair 35 40 35 40 55 60
223 rootHair 35 40 35 40 60 65
224 rootHair 35 40 35 40 65 70
225 rootHair 35 40 35 40 70 75
226 rootHair 35 40 35 40 75 80
227 rootHair 35 40 35 40 80 85
228 cortex 35 40 40 45 25 30
229 cortex 35 40 40 45 30 35
230 cortex 35 40 40 45 35 40
231 cortex 35 40 40 45 40 45
232 cortex 35 40 40 45 45 50
233 cortex 35 40 40 45 50 55
234 cortex 35 40 40 45 55 60
235 cortex 35 40 40 45 60 65
236 cortex 35 40 40 45 65 70
237 cortex 35 40 40 45 70 75
238 cortex 35 40 40 45 75 80
239 cortex 35 40 40 45 80 85
240 cortex 35 40 45 50 25 30
241 cortex 35 40 45 50 30 35
242 cortex 35 40 45 50 35 40
243 cortex 35 40 45 50 40 45
244 cortex 35 40 45 50 45 50
245 cortex 35 40 45 50 50 55
246 cortex 35 40 45 50 55 60
247 cortex 35 40 45 50 60 65
248 cortex 35 40 45 50 65 70
249 cortex 35 40 45 50 70 75
250 cortex 35 40 45 50 75 80
251 cortex 35 40 45 50 80 85
252 cortex 35 40 50 55 25 30
253 cortex 35 40 50 55 30 35
254 cortex 35 40 50 55 35 40
255 cortex 35 40 50 55 40 45
256 cortex 35 40 50 55 45 50
257 cortex 35 40 50 55 50 55
258 cortex 35 40 50 55 55 60
259 cortex 35 40 50 55 60 65
260 cortex 35 40 50 55 65 70
261 cortex 35 40 50 55 70 75
262 cortex 35 40 50 55 75 80
263 cortex 35 40 50 55 80 85
264 cortex 35 40 55 60 25 30
265 cortex 35 40 55 60 30 35
266 cortex 35 40 55 60 35 40
267 cortex 35 40 55 60 40 45
268 cortex 35 40 55 60 45 50
269 cortex 35 40 55 60 50 55
270 cortex 35 40 55 60 55 60
271 cortex 35 40 55 60 60 65
272 cortex 35 40 55 60 65 70
273 cortex 35 40 55 60 70 75
274 cortex 35 40 55 60 75 80
275 cortex 35 40 55 60 80 85
276 cortex 35 40 60 65 25 30
277 cortex 35 40 60 65 30 35
278 cortex 35 40 60 65 35 40
279 cortex 35 40 60 65 40 45
280 cortex 35 40 60 65 45 50
281 cortex 35 40 60 65 50 55
282 cortex 35 40 60 65 55 60
283 cortex 35 40 60 65 60 65
284 cortex 35 40 60 65 65 70
285 cortex 35 40 60 65 70 75
286 cortex 35 40 60 65 75 80
287 cortex 35 40 60 65 80 85
288 rootHair 35 40 65 70 25 30
289 rootHair 35 40 65 70 30 35
290 rootHair 35 40 65 70 35 40
291 rootHair 35 40 65 70 40 45
292 rootHair 35 40 65 70 45 50
293 rootHair 35 40 65 70 50 55
294 rootHair 35 40 65 70 55 60
295 rootHair 35 40 65 70 60 65
296 rootHair 35 40 65 70 65 70
297 rootHair 35 40 65 70 70 75
298 rootHair 35 40 65 70 75 80
299 rootHair 35 40 65 70 80 85
300 rootHair 35 40 70 75 25 30
301 rootHair 35 40 70 75 30 35
302 rootHair 35 40 70 75 35 40
303 rootHair 35 40 70 75 40 45
304 rootHair 35 40 70 75 45 50
305 rootHair 35 40 70 75 50 55
306 rootHair 35 40 70 75 55 60
307 rootHair 35 40 70 75 60 65
308 rootHair 35 40 70 75 65 70
309 rootHair 35 40 70 75 70 75
310 rootHair 35 40 70 75 75 80
311 rootHair 35 40 70 75 80 85
312 rootHair 35 40 75 80 25 30
313 rootHair 35 40 75 80 30 35
314 rootHair 35 40 75 80 35 40
315 rootHair 35 40 75 80 40 45
316 rootHair 35 40 75 80 45 50
317 rootHair 35 40 75 80 50 55
318 rootHair 35 40 75 80 55 60
319 rootHair 35 40 75 80 60 65
320 rootHair 35 40 75 80 65 70
321 rootHair 35 40 75 80 70 75
322 rootHair 35 40 75 80 75 80
323 rootHair 35 40 75 80 80 85
324 rootHair 40 45 25 30 25 30
325 rootHair 40 45 25 30 30 35
326 rootHair 40 45 25 30 35 40
327 rootHair 40 45 25 30 40 45
328 rootHair 40 45 25 30 45 50
329 rootHair 40 45 25 30 50 55
330 rootHair 40 45 25 30 55 60
331 rootHair 40 45 25 30 60 65
332 rootHair 40 45 25 30 65 70
333 rootHair 40 45 25 30 70 75
334 rootHair 40 45 25 30 75 80
335 rootHair 40 45 25 30 80 85
336 cortex 40 45 30 35 25 30
337 cortex 40 45 30 35 30 35
338 cortex 40 45 30 35 35 40
339 cortex 40 45 30 35 40 45
340 cortex 40 45 30 35 45 50
341 cortex 40 45 30 35 50 55
342 cortex 40 45 30 35 55 60
343 cortex 40 45 30 35 60 65
344 cortex 40 45 30 35 65 70
345 cortex 40 45 30 35 70 75
346 cortex 40 45 30 35 75 80
347 cortex 40 45 30 35 80 85
348 cortex 40 45 35 40 25 30
349 cortex 40 45 35 40 30 35
350 cortex 40 45 35 40 35 40
351 cortex 40 45 35 40 40 45
352 cortex 40 45 35 40 45 50
353 cortex 40 45 35 40 50 55
354 cortex 40 45 35 40 55 60
355 cortex 40 45 35 40 60 65
356 cortex 40 45 35 40 65 70
357 cortex 40 45 35 40 70 75
358 cortex 40 45 35 40 75 80
359 cortex 40 45 35 40 80 85
360 cortex 40 45 40 45 25 30
361 cortex 40 45 40 45 30 35
362 cortex 40 45 40 45 35 40
363 cortex 40 45 40 45 40 45
364 cortex 40 45 40 45 45 50
365 cortex 40 45 40 45 50 55
366 cortex 40 45 40 45 55 60
367 cortex 40 45 40 45 60 65
368 cortex 40 45 40 45 65 70
369 cortex 40 45 40 45 70 75
370 cortex 40 45 40 45 75 80
371 cortex 40 45 40 45 80 85
372 cortex 40 45 45 50 25 30
373 cortex 40 45 45 50 30 35
374 cortex 40 45 45 50 35 40
375 cortex 40 45 45 50 40 45
376 cortex 40 45 45 50 45 50
377 cortex 40 45 45 50 50 55
378 cortex 40 45 45 50 55 60
379 cortex 40 45 45 50 60 65
380 cortex 40 45 45 50 65 70
381 cortex 40 45 45 50 70 75
382 cortex 40 45 45 50 75 80
383 cortex 40 45 45 50 80 85
384 cortex 40 45 50 55 25 30
385 cortex 40 45 50 55 30 35
386 cortex 40 45 50 55 35 40
387 cortex 40 45 50 55 40 45
388 cortex 40 45 50 55 45 50
389 cortex 40 45 50 55 50 55
390 cortex 40 45 50 55 55 60
391 cortex 40 45 50 55 60 65
392 cortex 40 45 50 55 65 70
393 cortex 40 45 50 55 70 75
394 cortex 40 45 50 55 75 80
395 cortex 40 45 50 55 80 85
396 cortex 40 45 55 60 25 30
397 cortex 40 45 55 60 30 35
398 cortex 40 45 55 60 35 40
399 cortex 40 45 55 60 40 45
400 cortex 40 45 55 60 45 50
401 cortex 40 45 55 60 50 55
402 cortex 40 45 55 60 55 60
403 cortex 40 45 55 60 60 65
404 cortex 40 45 55 60 65 70
405 cortex 40 45 55 60 70 75
406 cortex 40 45 55 60 75 80
407 cortex 40 45 55 60 80 85
408 cortex 40 45 60 65 25 30
409 cortex 40 45 60 65 30 35
410 cortex 40 45 60 65 35 40
411 cortex 40 45 60 65 40 45
412 cortex 40 45 60 65 45 50
413 cortex 40 45 60 65 50 55
414 cortex 40 45 60 65 55 60
415 cortex 40 45 60 65 60 65
416 cortex 40 45 60 65 65 70
417 cortex 40 45 60 65 70 75
418 cortex 40 45 60 65 75 80
419 cortex 40 45 60 65 80 85
420 cortex 40 45 65 70 25 30
421 cortex 40 45 65 70 30 35
422 cortex 40 45 65 70 35 40
423 cortex 40 45 65 70 40 45
424 cortex 40 45 65 70 45 50
425 cortex 40 45 65 70 50 55
426 cortex 40 45 65 70 55 60
427 cortex 40 45 65 70 60 65
428 cortex 40 45 65 70 65 70
429 cortex 40 45 65 70 70 75
430 cortex 40 45 65 70 75 80
431 cortex 40 45 65 70 80 85
432 cortex 40 45 70 75 25 30
433 cortex 40 45 70 75 30 35
434 cortex 40 45 70 75 35 40
435 cortex 40 45 70 75 40 45
436 cortex 40 45 70 75 45 50
437 cortex 40 45 70 75 50 55
438 cortex 40 45 70 75 55 60
439 cortex 40 45 70 75 60 65
440 cortex 40 45 70 75 65 70
441 cortex 40 45 70 75 70 75
442 cortex 40 45 70 75 75 80
443 cortex 40 45 70 75 80 85
444 rootHair 40 45 75 80 25 30
445 rootHair 40 45 75 80 30 35
446 rootHair 40 45 75 80 35 40
447 rootHair 40 45 75 80 40 45
448 rootHair 40 45 75 80 45 50
449 rootHair 40 45 75 80 50 55
450 rootHair 40 45 75 80 55 60
451 rootHair 40 45 75 80 60 65
452 rootHair 40 45 75 80 65 70
453 rootHair 40 45 75 80 70 75
454 rootHair 40 45 75 80 75 80
455 rootHair 40 45 75 80 80 85
456 rootHair 45 50 25 30 25 30
457 rootHair 45 50 25 30 30 35
458 rootHair 45 50 25 30 35 40
459 rootHair 45 50 25 30 40 45
460 rootHair 45 50 25 30 45 50
461 rootHair 45 50 25 30 50 55
462 rootHair 45 50 25 30 55 60
463 rootHair 45 50 25 30 60 65
464 rootHair 45 50 25 30 65 70
465 rootHair 45 50 25 30 70 75
466 rootHair 45 50 25 30 75 80
467 rootHair 45 50 25 30 80 85
468 cortex 45 50 30 35 25 30
469 cortex 45 50 30 35 30 35
470 cortex 45 50 30 35 35 40
471 cortex 45 50 30 35 40 45
472 cortex 45 50 30 35 45 50
473 cortex 45 50 30 35 50 55
474 cortex 45 50 30 35 55 60
475 cortex 45 50 30 35 60 65
476 cortex 45 50 30 35 65 70
477 cortex 45 50 30 35 70 75
478 cortex 45 50 30 35 75 80
479 cortex 45 50 30 35 80 85
480 cortex 45 50 35 40 25 30
481 cortex 45 50 35 40 30 35
482 cortex 45 50 35 40 35 40
483 cortex 45 50 35 40 40 45
484 cortex 45 50 35 40 45 50
485 cortex 45 50 35 40 50 55
486 cortex 45 50 35 40 55 60
487 cortex 45 50 35 40 60 65
488 cortex 45 50 35 40 65 70
489 cortex 45 50 35 40 70 75
490 cortex 45 50 35 40 75 80
491 cortex 45 50 35 40 80 85
492 cortex 45 50 40 45 25 30
493 cortex 45 50 40 45 30 35
494 cortex 45 50 40 45 35 40
495 cortex 45 50 40 45 40 45
496 cortex 45 50 40 45 45 50
497 cortex 45 50 40 45 50 55
498 cortex 45 50 40 45 55 60
499 cortex 45 50 40 45 60 65
500 cortex 45 50 40 45 65 70
501 cortex 45 50 40 45 70 75
502 cortex 45 50 40 45 75 80
503 cortex 45 50 40 45 80 85
504 cortex 45 50 45 50 25 30
505 cortex 45 50 45 50 30 35
506 cortex 45 50 45 50 35 40
507 cortex 45 50 45 50 40 45
508 cortex 45 50 45 50 45 50
509 cortex 45 50 45 50 50 55
510 cortex 45 50 45 50 55 60
511 cortex 45 50 45 50 60 65
512 cortex 45 50 45 50 65 70
513 cortex 45 50 45 50 70 75
514 cortex 45 50 45 50 75 80
515 cortex 45 50 45 50 80 85
516 cortex 45 50 50 55 25 30
517 cortex 45 50 50 55 30 35
518 cortex 45 50 50 55 35 40
519 cortex 45 50 50 55 40 45
520 cortex 45 50 50 55 45 50
521 cortex 45 50 50 55 50 55
522 cortex 45 50 50 55 55 60
523 cortex 45 50 50 55 60 65
524 cortex 45 50 50 55 65 70
525 cortex 45 50 50 55 70 75
526 cortex 45 50 50 55 75 80
527 cortex 45 50 50 55 80 85
528 cortex 45 50 55 60 25 30
529 cortex 45 50 55 60 30 35
530 cortex 45 50 55 60 35 40
531 cortex 45 50 55 60 40 45
532 cortex 45 50 55 60 45 50
533 cortex 45 50 55 60 50 55
534 cortex 45 50 55 60 55 60
535 cortex 45 50 55 60 60 65
536 cortex 45 50 55 60 65 70
537 cortex 45 50 55 60 70 75
538 cortex 45 50 55 60 75 80
539 cortex 45 50 55 60 80 85
540 cortex 45 50 60 65 25 30
541 cortex 45 50 60 65 30 35
542 cortex 45 50 60 65 35 40
543 cortex 45 50 60 65 40 45
544 cortex 45 50 60 65 45 50
545 cortex 45 50 60 65 50 55
546 cortex 45 50 60 65 55 60
547 cortex 45 50 60 65 60 65
548 cortex 45 50 60 65 65 70
549 cortex 45 50 60 65 70 75
550 cortex 45 50 60 65 75 80
551 cortex 45 50 60 65 80 85
552 cortex 45 50 65 70 25 30
553 cortex 45 50 65 70 30 35
554 cortex 45 50 65 70 35 40
555 cortex 45 50 65 70 40 45
556 cortex 45 50 65 70 45 50
557 cortex 45 50 65 70 50 55
558 cortex 45 50 65 70 55 60
559 cortex 45 50 65 70 60 65
560 cortex 45 50 65 70 65 70
561 cortex 45 50 65 70 70 75
562 cortex 45 50 65 70 75 80
563 cortex 45 50 65 70 80 85
564 cortex 45 50 70 75 25 30
565 cortex 45 50 70 75 30 35
566 cortex 45 50 70 75 35 40
567 cortex 45 50 70 75 40 45
568 cortex 45 50 70 75 45 50
569 cortex 45 50 70 75 50 55
570 cortex 45 50 70 75 55 60
571 cortex 45 50 70 75 60 65
572 cortex 45 50 70 75 65 70
573 cortex 45 50 70 75 70 75
574 cortex 45 50 70 75 75 80
575 cortex 45 50 70 75 80 85
576 rootHair 45 50 75 80 25 30
577 rootHair 45 50 75 80 30 35
578 rootHair 45 50 75 80 35 40
579 rootHair 45 50 75 80 40 45
580 rootHair 45 50 75 80 45 50
581 rootHair 45 50 75 80 50 55
582 rootHair 45 50 75 80 55 60
583 rootHair 45 50 75 80 60 65
584 rootHair 45 50 75 80 65 70
585 rootHair 45 50 75 80 70 75
586 rootHair 45 50 75 80 75 80
587 rootHair 45 50 75 80 80 85
588 rootHair 50 55 25 30 25 30
589 rootHair 50 55 25 30 30 35
590 rootHair 50 55 25 30 35 40
591 rootHair 50 55 25 30 40 45
592 rootHair 50 55 25 30 45 50
593 rootHair 50 55 25 30 50 55
594 rootHair 50 55 25 30 55 60
595 rootHair 50 55 25 30 60 65
596 rootHair 50 55 25 30 65 70
597 rootHair 50 55 25 30 70 75
598 rootHair 50 55 25 30 75 80
599 rootHair 50 55 25 30 80 85
600 cortex 50 55 30 35 25 30
601 cortex 50 55 30 35 30 35
602 cortex 50 55 30 35 35 40
603 cortex 50 55 30 35 40 45
604 cortex 50 55 30 35 45 50
605 cortex 50 55 30 35 50 55
606 cortex 50 55 30 35 55 60
607 cortex 50 55 30 35 60 65
608 cortex 50 55 30 35 65 70
609 cortex 50 55 30 35 70 75
610 cortex 50 55 30 35 75 80
611 cortex 50 55 30 35 80 85
612 cortex 50 55 35 40 25 30
613 cortex 50 55 35 40 30 35
614 cortex 50 55 35 40 35 40
615 cortex 50 55 35 40 40 45
616 cortex 50 55 35 40 45 50
617 cortex 50 55 35 40 50 55
618 cortex 50 55 35 40 55 60
619 cortex 50 55 35 40 60 65
620 cortex 50 55 35 40 65 70
621 cortex 50 55 35 40 70 75
622 cortex 50 55 35 40 75 80
623 cortex 50 55 35 40 80 85
624 cortex 50 55 40 45 25 30
625 cortex 50 55 40 45 30 35
626 cortex 50 55 40 45 35 40
627 cortex 50 55 40 45 40 45
628 cortex 50 55 40 45 45 50
629 cortex 50 55 40 45 50 55
630 cortex 50 55 40 45 55 60
631 cortex 50 55 40 45 60 65
632 cortex 50 55 40 45 65 70
633 cortex 50 55 40 45 70 75
634 cortex 50 55 40 45 75 80
635 cortex 50 55 40 45 80 85
636 cortex 50 55 45 50 25 30
637 cortex 50 55 45 50 30 35
638 cortex 50 55 45 50 35 40
639 cortex 50 55 45 50 40 45
640 cortex 50 55 45 50 45 50
641 cortex 50 55 45 50 50 55
642 cortex 50 55 45 50 55 60
643 cortex 50 55 45 50 60 65
644 cortex 50 55 45 50 65 70
645 cortex 50 55 45 50 70 75
646 cortex 50 55 45 50 75 80
647 cortex 50 55 45 50 80 85
648 cortex 50 55 50 55 25 30
649 cortex 50 55 50 55 30 35
650 cortex 50 55 50 55 35 40
651 cortex 50 55 50 55 40 45
652 cortex 50 55 50 55 45 50
653 cortex 50 55 50 55 50 55
654 cortex 50 55 50 55 55 60
655 cortex 50 55 50 55 60 65
656 cortex 50 55 50 55 65 70
657 cortex 50 55 50 55 70 75
658 cortex 50 55 50 55 75 80
659 cortex 50 55 50 55 80 85
660 cortex 50 55 55 60 25 30
661 cortex 50 55 55 60 30 35
662 cortex 50 55 55 60 35 40
663 cortex 50 55 55 60 40 45
664 cortex 50 55 55 60 45 50
665 cortex 50 55 55 60 50 55
666 cortex 50 55 55 60 55 60
667 cortex 50 55 55 60 60 65
668 cortex 50 55 55 60 65 70
669 cortex 50 55 55 60 70 75
670 cortex 50 55 55 60 75 80
671 cortex 50 55 55 60 80 85
672 cortex 50 55 60 65 25 30
673 cortex 50 55 60 65 30 35
674 cortex 50 55 60 65 35 40
675 cortex 50 55 60 65 40 45
676 cortex 50 55 60 65 45 50
677 cortex 50 55 60 65 50 55
678 cortex 50 55 60 65 55 60
679 cortex 50 55 60 65 60 65
680 cortex 50 55 60 65 65 70
681 cortex 50 55 60 65 70 75
682 cortex 50 55 60 65 75 80
683 cortex 50 55 60 65 80 85
684 cortex 50 55 65 70 25 30
685 cortex 50 55 65 70 30 35
686 cortex 50 55 65 70 35 40
687 cortex 50 55 65 70 40 45
688 cortex 50 55 65 70 45 50
689 cortex 50 55 65 70 50 55
690 cortex 50 55 65 70 55 60
691 cortex 50 55 65 70 60 65
692 cortex 50 55 65 70 65 70
693 cortex 50 55 65 70 70 75
694 cortex 50 55 65 70 75 80
695 cortex 50 55 65 70 80 85
696 cortex 50 55 70 75 25 30
697 cortex 50 55 70 75 30 35
698 cortex 50 55 70 75 35 40
699 cortex 50 55 70 75 40 45
700 cortex 50 55 70 75 45 50
701 cortex 50 55 70 75 50 55
702 cortex 50 55 70 75 55 60
703 cortex 50 55 70 75 60 65
704 cortex 50 55 70 75 65 70
705 cortex 50 55 70 75 70 75
706 cortex 50 55 70 75 75 80
707 cortex 50 55 70 75 80 85
708 rootHair 50 55 75 80 25 30
709 rootHair 50 55 75 80 30 35
710 rootHair 50 55 75 80 35 40
711 rootHair 50 55 75 80 40 45
712 rootHair 50 55 75 80 45 50
713 rootHair 50 55 75 80 50 55
714 rootHair 50 55 75 80 55 60
715 rootHair 50 55 75 80 60 65
716 rootHair 50 55 75 80 65 70
717 rootHair 50 55 75 80 70 75
718 rootHair 50 55 75 80 75 80
719 rootHair 50 55 75 80 80 85
720 rootHair 55 60 25 30 25 30
721 rootHair 55 60 25 30 30 35
722 rootHair 55 60 25 30 35 40
723 rootHair 55 60 25 30 40 45
724 rootHair 55 60 25 30 45 50
725 rootHair 55 60 25 30 50 55
726 rootHair 55 60 25 30 55 60
727 rootHair 55 60 25 30 60 65
728 rootHair 55 60 25 30 65 70
729 rootHair 55 60 25 30 70 75
730 rootHair 55 60 25 30 75 80
731 rootHair 55 60 25 30 80 85
732 cortex 55 60 30 35 25 30
733 cortex 55 60 30 35 30 35
734 cortex 55 60 30 35 35 40
735 cortex 55 60 30 35 40 45
736 cortex 55 60 30 35 45 50
737 cortex 55 60 30 35 50 55
738 cortex 55 60 30 35 55 60
739 cortex 55 60 30 35 60 65
740 cortex 55 60 30 35 65 70
741 cortex 55 60 30 35 70 75
742 cortex 55 60 30 35 75 80
743 cortex 55 60 30 35 80 85
744 cortex 55 60 35 40 25 30
745 cortex 55 60 35 40 30 35
746 cortex 55 60 35 40 35 40
747 cortex 55 60 35 40 40 45
748 cortex 55 60 35 40 45 50
749 cortex 55 60 35 40 50 55
750 cortex 55 60 35 40 55 60
751 cortex 55 60 35 40 60 65
752 cortex 55 60 35 40 65 70
753 cortex 55 60 35 40 70 75
754 cortex 55 60 35 40 75 80
755 cortex 55 60 35 40 80 85
756 cortex 55 60 40 45 25 30
757 cortex 55 60 40 45 30 35
758 cortex 55 60 40 45 35 40
759 cortex 55 60 40 45 40 45
760 cortex 55 60 40 45 45 50
761 cortex 55 60 40 45 50 55
762 cortex 55 60 40 45 55 60
763 cortex 55 60 40 45 60 65
764 cortex 55 60 40 45 65 70
765 cortex 55 60 40 45 70 75
766 cortex 55 60 40 45 75 80
767 cortex 55 60 40 45 80 85
768 cortex 55 60 45 50 25 30
769 cortex 55 60 45 50 30 35
770 cortex 55 60 45 50 35 40
771 cortex 55 60 45 50 40 45
772 cortex 55 60 45 50 45 50
773 cortex 55 60 45 50 50 55
774 cortex 55 60 45 50 55 60
775 cortex 55 60 45 50 60 65
776 cortex 55 60 45 50 65 70
777 cortex 55 60 45 50 70 75
778 cortex 55 60 45 50 75 80
779 cortex 55 60 45 50 80 85
780 cortex 55 60 50 55 25 30
781 cortex 55 60 50 55 30 35
782 cortex 55 60 50 55 35 40
783 cortex 55 60 50 55 40 45
784 cortex 55 60 50 55 45 50
785 cortex 55 60 50 55 50 55
786 cortex 55 60 50 55 55 60
787 cortex 55 60 50 55 60 65
788 cortex 55 60 50 55 65 70
789 cortex 55 60 50 55 70 75
790 cortex 55 60 50 55 75 80
791 cortex 55 60 50 55 80 85
792 cortex 55 60 55 60 25 30
793 cortex 55 60 55 60 30 35
794 cortex 55 60 55 60 35 40
795 cortex 55 60 55 60 40 45
796 cortex 55 60 55 60 45 50
797 cortex 55 60 55 60 50 55
798 cortex 55 60 55 60 55 60
799 cortex 55 60 55 60 60 65
800 cortex 55 60 55 60 65 70
801 cortex 55 60 55 60 70 75
802 cortex 55 60 55 60 75 80
803 cortex 55 60 55 60 80 85
804 cortex 55 60 60 65 25 30
805 cortex 55 60 60 65 30 35
806 cortex 55 60 60 65 35 40
807 cortex 55 60 60 65 40 45
808 cortex 55 60 60 65 45 50
809 cortex 55 60 60 65 50 55
810 cortex 55 60 60 65 55 60
811 cortex 55 60 60 65 60 65
812 cortex 55 60 60 65 65 70
813 cortex 55 60 60 65 70 75
814 cortex 55 60 60 65 75 80
815 cortex 55 60 60 65 80 85
816 cortex 55 60 65 70 25 30
817 cortex 55 60 65 70 30 35
818 cortex 55 60 65 70 35 40
819 cortex 55 60 65 70 40 45
820 cortex 55 60 65 70 45 50
821 cortex 55 60 65 70 50 55
822 cortex 55 60 65 70 55 60
823 cortex 55 60 65 70 60 65
824 cortex 55 60 65 70 65 70
825 cortex 55 60 65 70 70 75
826 cortex 55 60 65 70 75 80
827 cortex 55 60 65 70 80 85
828 cortex 55 60 70 75 25 30
829 cortex 55 60 70 75 30 35
830 cortex 55 60 70 75 35 40
831 cortex 55 60 70 75 40 45
832 cortex 55 60 70 75 45 50
833 cortex 55 60 70 75 50 55
834 cortex 55 60 70 75 55 60
835 cortex 55 60 70 75 60 65
836 cortex 55 60 70 75 65 70
837 cortex 55 60 70 75 70 75
838 cortex 55 60 70 75 75 80
839 cortex 55 60 70 75 80 85
840 rootHair 55 60 75 80 25 30
841 rootHair 55 60 75 80 30 35
842 rootHair 55 60 75 80 35 40
843 rootHair 55 60 75 80 40 45
844 rootHair 55 60 75 80 45 50
845 rootHair 55 60 75 80 50 55
846 rootHair 55 60 75 80 55 60
847 rootHair 55 60 75 80 60 65
848 rootHair 55 60 75 80 65 70
849 rootHair 55 60 75 80 70 75
850 rootHair 55 60 75 80 75 80
851 rootHair 55 60 75 80 80 85
852 rootHair 60 65 25 30 25 30
853 rootHair 60 65 25 30 30 35
854 rootHair 60 65 25 30 35 40
855 rootHair 60 65 25 30 40 45
856 rootHair 60 65 25 30 45 50
857 rootHair 60 65 25 30 50 55
858 rootHair 60 65 25 30 55 60
859 rootHair 60 65 25 30 60 65
860 rootHair 60 65 25 30 65 70
861 rootHair 60 65 25 30 70 75
862 rootHair 60 65 25 30 75 80
863 rootHair 60 65 25 30 80 85
864 cortex 60 65 30 35 25 30
865 cortex 60 65 30 35 30 35
866 cortex 60 65 30 35 35 40
867 cortex 60 65 30 35 40 45
868 cortex 60 65 30 35 45 50
869 cortex 60 65 30 35 50 55
870 cortex 60 65 30 35 55 60
871 cortex 60 65 30 35 60 65
872 cortex 60 65 30 35 65 70
873 cortex 60 65 30 35 70 75
874 cortex 60 65 30 35 75 80
875 cortex 60 65 30 35 80 85
876 cortex 60 65 35 40 25 30
877 cortex 60 65 35 40 30 35
878 cortex 60 65 35 40 35 40
879 cortex 60 65 35 40 40 45
880 cortex 60 65 35 40 45 50
881 cortex 60 65 35 40 50 55
882 cortex 60 65 35 40 55 60
883 cortex 60 65 35 40 60 65
884 cortex 60 65 35 40 65 70
885 cortex 60 65 35 40 70 75
886 cortex 60 65 35 40 75 80
887 cortex 60 65 35 40 80 85
888 cortex 60 65 40 45 25 30
889 cortex 60 65 40 45 30 35
890 cortex 60 65 40 45 35 40
891 cortex 60 65 40 45 40 45
892 cortex 60 65 40 45 45 50
893 cortex 60 65 40 45 50 55
894 cortex 60 65 40 45 55 60
895 cortex 60 65 40 45 60 65
896 cortex 60 65 40 45 65 70
897 cortex 60 65 40 45 70 75
898 cortex 60 65 40 45 75 80
899 cortex 60 65 40 45 80 85
900 cortex 60 65 45 50 25 30
901 cortex 60 65 45 50 30 35
902 cortex 60 65 45 50 35 40
903 cortex 60 65 45 50 40 45
904 cortex 60 65 45 50 45 50
905 cortex 60 65 45 50 50 55
906 cortex 60 65 45 50 55 60
907 cortex 60 65 45 50 60 65
908 cortex 60 65 45 50 65 70
909 cortex 60 65 45 50 70 75
910 cortex 60 65 45 50 75 80
911 cortex 60 65 45 50 80 85
912 cortex 60 65 50 55 25 30
913 cortex 60 65 50 55 30 35
914 cortex 60 65 50 55 35 40
915 cortex 60 65 50 55 40 45
916 cortex 60 65 50 55 45 50
917 cortex 60 65 50 55 50 55
918 cortex 60 65 50 55 55 60
919 cortex 60 65 50 55 60 65
920 cortex 60 65 50 55 65 70
921 cortex 60 65 50 55 70 75
922 cortex 60 65 50 55 75 80
923 cortex 60 65 50 55 80 85
924 cortex 60 65 55 60 25 30
925 cortex 60 65 55 60 30 35
926 cortex 60 65 55 60 35 40
927 cortex 60 65 55 60 40 45
928 cortex 60 65 55 60 45 50
929 cortex 60 65 55 60 50 55
930 cortex 60 65 55 60 55 60
931 cortex 60 65 55 60 60 65
932 cortex 60 65 55 60 65 70
933 cortex 60 65 55 60 70 75
934 cortex 60 65 55 60 75 80
935 cortex 60 65 55 60 80 85
936 cortex 60 65 60 65 25 30
937 cortex 60 65 60 65 30 35
938 cortex 60 65 60 65 35 40
939 cortex 60 65 60 65 40 45
940 cortex 60 65 60 65 45 50
941 cortex 60 65 60 65 50 55
942 cortex 60 65 60 65 55 60
943 cortex 60 65 60 65 60 65
944 cortex 60 65 60 65 65 70
945 cortex 60 65 60 65 70 75
946 cortex 60 65 60 65 75 80
947 cortex 60 65 60 65 80 85
948 cortex 60 65 65 70 25 30
949 cortex 60 65 65 70 30 35
950 cortex 60 65 65 70 35 40
951 cortex 60 65 65 70 40 45
952 cortex 60 65 65 70 45 50
953 cortex 60 65 65 70 50 55
954 cortex 60 65 65 70 55 60
955 cortex 60 65 65 70 60 65
956 cortex 60 65 65 70 65 70
957 cortex 60 65 65 70 70 75
958 cortex 60 65 65 70 75 80
959 cortex 60 65 65 70 80 85
960 cortex 60 65 70 75 25 30
961 cortex 60 65 70 75 30 35
962 cortex 60 65 70 75 35 40
963 cortex 60 65 70 75 40 45
964 cortex 60 65 70 75 45 50
965 cortex 60 65 70 75 50 55
966 cortex 60 65 70 75 55 60
967 cortex 60 65 70 75 60 65
968 cortex 60 65 70 75 65 70
969 cortex 60 65 70 75 70 75
970 cortex 60 65 70 75 75 80
971 cortex 60 65 70 75 80 85
972 rootHair 60 65 75 80 25 30
973 rootHair 60 65 75 80 30 35
974 rootHair 60 65 75 80 35 40
975 rootHair 60 65 75 80 40 45
976 rootHair 60 65 75 80 45 50
977 rootHair 60 65 75 80 50 55
978 rootHair 60 65 75 80 55 60
979 rootHair 60 65 75 80 60 65
980 rootHair 60 65 75 80 65 70
981 rootHair 60 65 75 80 70 75
982 rootHair 60 65 75 80 75 80
983 rootHair 60 65 75 80 80 85
984 rootHair 65 70 25 30 25 30
985 rootHair 65 70 25 30 30 35
986 rootHair 65 70 25 30 35 40
987 rootHair 65 70 25 30 40 45
988 rootHair 65 70 25 30 45 50
989 rootHair 65 70 25 30 50 55
990 rootHair 65 70 25 30 55 60
991 rootHair 65 70 25 30 60 65
992 rootHair 65 70 25 30 65 70
993 rootHair 65 70 25 30 70 75
994 rootHair 65 70 25 30 75 80
995 rootHair 65 70 25 30 80 85
996 rootHair 65 70 30 35 25 30
997 rootHair 65 70 30 35 30 35
998 rootHair 65 70 30 35 35 40
999 rootHair 65 70 30 35 40 45
1000 rootHair 65 70 30 35 45 50
1001 rootHair 65 70 30 35 50 55
1002 rootHair 65 70 30 35 55 60
1003 rootHair 65 70 30 35 60 65
1004 rootHair 65 70 30 35 65 70
1005 rootHair 65 70 30 35 70 75
1006 rootHair 65 70 30 35 75 80
1007 rootHair 65 70 30 35 80 85
1008 rootHair 65 70 35 40 25 30
1009 rootHair 65 70 35 40 30 35
1010 rootHair 65 70 35 40 35 40
1011 rootHair 65 70 35 40 40 45
1012 rootHair 65 70 35 40 45 50
1013 rootHair 65 70 35 40 50 55
1014 rootHair 65 70 35 40 55 60
1015 rootHair 65 70 35 40 60 65
1016 rootHair 65 70 35 40 65 70
1017 rootHair 65 70 35 40 70 75
1018 rootHair 65 70 35 40 75 80
1019 rootHair 65 70 35 40 80 85
1020 cortex 65 70 40 45 25 30
1021 cortex 65 70 40 45 30 35
1022 cortex 65 70 40 45 35 40
1023 cortex 65 70 40 45 40 45
1024 cortex 65 70 40 45 45 50
1025 cortex 65 70 40 45 50 55
1026 cortex 65 70 40 45 55 60
1027 cortex 65 70 40 45 60 65
1028 cortex 65 70 40 45 65 70
1029 cortex 65 70 40 45 70 75
1030 cortex 65 70 40 45 75 80
1031 cortex 65 70 40 45 80 85
1032 cortex 65 70 45 50 25 30
1033 cortex 65 70 45 50 30 35
1034 cortex 65 70 45 50 35 40
1035 cortex 65 70 45 50 40 45
1036 cortex 65 70 45 50 45 50
1037 cortex 65 70 45 50 50 55
1038 cortex 65 70 45 50 55 60
1039 cortex 65 70 45 50 60 65
1040 cortex 65 70 45 50 65 70
1041 cortex 65 70 45 50 70 75
1042 cortex 65 70 45 50 75 80
1043 cortex 65 70 45 50 80 85
1044 cortex 65 70 50 55 25 30
1045 cortex 65 70 50 55 30 35
1046 cortex 65 70 50 55 35 40
1047 cortex 65 70 50 55 40 45
1048 cortex 65 70 50 55 45 50
1049 cortex 65 70 50 55 50 55
1050 cortex 65 70 50 55 55 60
1051 cortex 65 70 50 55 60 65
1052 cortex 65 70 50 55 65 70
1053 cortex 65 70 50 55 70 75
1054 cortex 65 70 50 55 75 80
1055 cortex 65 70 50 55 80 85
1056 cortex 65 70 55 60 25 30
1057 cortex 65 70 55 60 30 35
1058 cortex 65 70 55 60 35 40
1059 cortex 65 70 55 60 40 45
1060 cortex 65 70 55 60 45 50
1061 cortex 65 70 55 60 50 55
1062 cortex 65 70 55 60 55 60
1063 cortex 65 70 55 60 60 65
1064 cortex 65 70 55 60 65 70
1065 cortex 65 70 55 60 70 75
1066 cortex 65 70 55 60 75 80
1067 cortex 65 70 55 60 80 85
1068 cortex 65 70 60 65 25 30
1069 cortex 65 70 60 65 30 35
1070 cortex 65 70 60 65 35 40
1071 cortex 65 70 60 65 40 45
1072 cortex 65 70 60 65 45 50
1073 cortex 65 70 60 65 50 55
1074 cortex 65 70 60 65 55 60
1075 cortex 65 70 60 65 60 65
1076 cortex 65 70 60 65 65 70
1077 cortex 65 70 60 65 70 75
1078 cortex 65 70 60 65 75 80
1079 cortex 65 70 60 65 80 85
1080 rootHair 65 70 65 70 25 30
1081 rootHair 65 70 65 70 30 35
1082 rootHair 65 70 65 70 35 40
1083 rootHair 65 70 65 70 40 45
1084 rootHair 65 70 65 70 45 50
1085 rootHair 65 70 65 70 50 55
1086 rootHair 65 70 65 70 55 60
1087 rootHair 65 70 65 70 60 65
1088 rootHair 65 70 65 70 65 70
1089 rootHair 65 70 65 70 70 75
1090 rootHair 65 70 65 70 75 80
1091 rootHair 65 70 65 70 80 85
1092 rootHair 65 70 70 75 25 30
1093 rootHair 65 70 70 75 30 35
1094 rootHair 65 70 70 75 35 40
1095 rootHair 65 70 70 75 40 45
1096 rootHair 65 70 70 75 45 50
1097 rootHair 65 70 70 75 50 55
1098 rootHair 65 70 70 75 55 60
1099 rootHair 65 70 70 75 60 65
1100 rootHair 65 70 70 75 65 70
1101 rootHair 65 70 70 75 70 75
1102 rootHair 65 70 70 75 75 80
1103 rootHair 65 70 70 75 80 85
1104 rootHair 65 70 75 80 25 30
1105 rootHair 65 70 75 80 30 35
1106 rootHair 65 70 75 80 35 40
1107 rootHair 65 70 75 80 40 45
1108 rootHair 65 70 75 80 45 50
1109 rootHair 65 70 75 80 50 55
1110 rootHair 65 70 75 80 55 60
1111 rootHair 65 70 75 80 60 65
1112 rootHair 65 70 75 80 65 70
1113 rootHair 65 70 75 80 70 75
1114 rootHair 65 70 75 80 75 80
1115 rootHair 65 70 75 80 80 85
1116 rootHair 70 75 30 35 25 30
1117 rootHair 70 75 30 35 30 35
1118 rootHair 70 75 30 35 35 40
1119 rootHair 70 75 30 35 40 45
1120 rootHair 70 75 30 35 45 50
1121 rootHair 70 75 30 35 50 55
1122 rootHair 70 75 30 35 55 60
1123 rootHair 70 75 30 35 60 65
1124 rootHair 70 75 30 35 65 70
1125 rootHair 70 75 30 35 70 75
1126 rootHair 70 75 30 35 75 80
1127 rootHair 70 75 30 35 80 85
1128 rootHair 70 75 35 40 25 30
1129 rootHair 70 75 35 40 30 35
1130 rootHair 70 75 35 40 35 40
1131 rootHair 70 75 35 40 40 45
1132 rootHair 70 75 35 40 45 50
1133 rootHair 70 75 35 40 50 55
1134 rootHair 70 75 35 40 55 60
1135 rootHair 70 75 35 40 60 65
1136 rootHair 70 75 35 40 65 70
1137 rootHair 70 75 35 40 70 75
1138 rootHair 70 75 35 40 75 80
1139 rootHair 70 75 35 40 80 85
1140 cortex 70 75 40 45 25 30
1141 cortex 70 75 40 45 30 35
1142 cortex 70 75 40 45 35 40
1143 cortex 70 75 40 45 40 45
1144 cortex 70 75 40 45 45 50
1145 cortex 70 75 40 45 50 55
1146 cortex 70 75 40 45 55 60
1147 cortex 70 75 40 45 60 65
1148 cortex 70 75 40 45 65 70
1149 cortex 70 75 40 45 70 75
1150 cortex 70 75 40 45 75 80
1151 cortex 70 75 40 45 80 85
1152 cortex 70 75 45 50 25 30
1153 cortex 70 75 45 50 30 35
1154 cortex 70 75 45 50 35 40
1155 cortex 70 75 45 50 40 45
1156 cortex 70 75 45 50 45 50
1157 cortex 70 75 45 50 50 55
1158 cortex 70 75 45 50 55 60
1159 cortex 70 75 45 50 60 65
1160 cortex 70 75 45 50 65 70
1161 cortex 70 75 45 50 70 75
1162 cortex 70 75 45 50 75 80
1163 cortex 70 75 45 50 80 85
1164 cortex 70 75 50 55 25 30
1165 cortex 70 75 50 55 30 35
1166 cortex 70 75 50 55 35 40
1167 cortex 70 75 50 55 40 45
1168 cortex 70 75 50 55 45 50
1169 cortex 70 75 50 55 50 55
1170 cortex 70 75 50 55 55 60
1171 cortex 70 75 50 55 60 65
1172 cortex 70 75 50 55 65 70
1173 cortex 70 75 50 55 70 75
1174 cortex 70 75 50 55 75 80
1175 cortex 70 75 50 55 80 85
1176 cortex 70 75 55 60 25 30
1177 cortex 70 75 55 60 30 35
1178 cortex 70 75 55 60 35 40
1179 cortex 70 75 55 60 40 45
1180 cortex 70 75 55 60 45 50
1181 cortex 70 75 55 60 50 55
1182 cortex 70 75 55 60 55 60
1183 cortex 70 75 55 60 60 65
1184 cortex 70 75 55 60 65 70
1185 cortex 70 75 55 60 70 75
1186 cortex 70 75 55 60 75 80
1187 cortex 70 75 55 60 80 85
1188 cortex 70 75 60 65 25 30
1189 cortex 70 75 60 65 30 35
1190 cortex 70 75 60 65 35 40
1191 cortex 70 75 60 65 40 45
1192 cortex 70 75 60 65 45 50
1193 cortex 70 75 60 65 50 55
1194 cortex 70 75 60 65 55 60
1195 cortex 70 75 60 65 60 65
1196 cortex 70 75 60 65 65 70
1197 cortex 70 75 60 65 70 75
1198 cortex 70 75 60 65 75 80
1199 cortex 70 75 60 65 80 85
1200 rootHair 70 75 65 70 25 30
1201 rootHair 70 75 65 70 30 35
1202 rootHair 70 75 65 70 35 40
1203 rootHair 70 75 65 70 40 45
1204 rootHair 70 75 65 70 45 50
1205 rootHair 70 75 65 70 50 55
1206 rootHair 70 75 65 70 55 60
1207 rootHair 70 75 65 70 60 65
1208 rootHair 70 75 65 70 65 70
1209 rootHair 70 75 65 70 70 75
1210 rootHair 70 75 65 70 75 80
1211 rootHair 70 75 65 70 80 85
1212 rootHair 70 75 70 75 25 30
1213 rootHair 70 75 70 75 30 35
1214 rootHair 70 75 70 75 35 40
1215 rootHair 70 75 70 75 40 45
1216 rootHair 70 75 70 75 45 50
1217 rootHair 70 75 70 75 50 55
1218 rootHair 70 75 70 75 55 60
1219 rootHair 70 75 70 75 60 65
1220 rootHair 70 75 70 75 65 70
1221 rootHair 70 75 70 75 70 75
1222 rootHair 70 75 70 75 75 80
1223 rootHair 70 75 70 75 80 85
1224 rootHair 75 80 35 40 25 30
1225 rootHair 75 80 35 40 30 35
1226 rootHair 75 80 35 40 35 40
1227 rootHair 75 80 35 40 40 45
1228 rootHair 75 80 35 40 45 50
1229 rootHair 75 80 35 40 50 55
1230 rootHair 75 80 35 40 55 60
1231 rootHair 75 80 35 40 60 65
1232 rootHair 75 80 35 40 65 70
1233 rootHair 75 80 35 40 70 75
1234 rootHair 75 80 35 40 75 80
1235 rootHair 75 80 35 40 80 85
1236 rootHair 75 80 40 45 25 30
1237 rootHair 75 80 40 45 30 35
1238 rootHair 75 80 40 45 35 40
1239 rootHair 75 80 40 45 40 45
1240 rootHair 75 80 40 45 45 50
1241 rootHair 75 80 40 45 50 55
1242 rootHair 75 80 40 45 55 60
1243 rootHair 75 80 40 45 60 65
1244 rootHair 75 80 40 45 65 70
1245 rootHair 75 80 40 45 70 75
1246 rootHair 75 80 40 45 75 80
1247 rootHair 75 80 40 45 80 85
1248 rootHair 75 80 45 50 25 30
1249 rootHair 75 80 45 50 30 35
1250 rootHair 75 80 45 50 35 40
1251 rootHair 75 80 45 50 40 45
1252 rootHair 75 80 45 50 45 50
1253 rootHair 75 80 45 50 50 55
1254 rootHair 75 80 45 50 55 60
1255 rootHair 75 80 45 50 60 65
1256 rootHair 75 80 45 50 65 70
1257 rootHair 75 80 45 50 70 75
1258 rootHair 75 80 45 50 75 80
1259 rootHair 75 80 45 50 80 85
1260 rootHair 75 80 50 55 25 30
1261 rootHair 75 80 50 55 30 35
1262 rootHair 75 80 50 55 35 40
1263 rootHair 75 80 50 55 40 45
1264 rootHair 75 80 50 55 45 50
1265 rootHair 75 80 50 55 50 55
1266 rootHair 75 80 50 55 55 60
1267 rootHair 75 80 50 55 60 65
1268 rootHair 75 80 50 55 65 70
1269 rootHair 75 80 50 55 70 75
1270 rootHair 75 80 50 55 75 80
1271 rootHair 75 80 50 55 80 85
1272 rootHair 75 80 55 60 25 30
1273 rootHair 75 80 55 60 30 35
1274 rootHair 75 80 55 60 35 40
1275 rootHair 75 80 55 60 40 45
1276 rootHair 75 80 55 60 45 50
1277 rootHair 75 80 55 60 50 55
1278 rootHair 75 80 55 60 55 60
1279 rootHair 75 80 55 60 60 65
1280 rootHair 75 80 55 60 65 70
1281 rootHair 75 80 55 60 70 75
1282 rootHair 75 80 55 60 75 80
1283 rootHair 75 80 55 60 80 85
1284 rootHair 75 80 60 65 25 30
1285 rootHair 75 80 60 65 30 35
1286 rootHair 75 80 60 65 35 40
1287 rootHair 75 80 60 65 40 45
1288 rootHair 75 80 60 65 45 50
1289 rootHair 75 80 60 65 50 55
1290 rootHair 75 80 60 65 55 60
1291 rootHair 75 80 60 65 60 65
1292 rootHair 75 80 60 65 65 70
1293 rootHair 75 80 60 65 70 75
1294 rootHair 75 80 60 65 75 80
1295 rootHair 75 80 60 65 80 85
1296 rootHair 75 80 65 70 25 30
1297 rootHair 75 80 65 70 30 35
1298 rootHair 75 80 65 70 35 40
1299 rootHair 75 80 65 70 40 45
1300 rootHair 75 80 65 70 45 50
1301 rootHair 75 80 65 70 50 55
1302 rootHair 75 80 65 70 55 60
1303 rootHair 75 80 65 70 60 65
1304 rootHair 75 80 65 70 65 70
1305 rootHair 75 80 65 70 70 75
1306 rootHair 75 80 65 70 75 80
1307 rootHair 75 80 65 70 80 85
